105465463 745.599461571 -110.309861689 50.610138311 701650418.411 0.237572094159 8.53544441912 1.70531675084 1.5756776514
118956923 668.324036373 -177.314176459 118.875823541 1545590000.0 0.636021677902 9.1137013991 1.63662652418 2.0260045138
121029645 654.411329399 142.272738187 121.812738187 492248879.036 0.469065219285 7.93191947697 3.95626947539 1.80958928061
123314680 860.150872884 215.868039199 28.5080391986 280981921.115 1.00041517222 8.31580176605 5.90529934625 3.87253392958
126484310 622.486681878 170.052378015 -118.967621985 680336978.795 0.637255608565 8.70175073971 1.48843407411 2.14451702106
127108374 801.923820726 -228.076842237 186.933157763 3425944142.42 0.858146411826 7.39526821862 0.797147526671 1.62402773871
127163030 614.32327716 -171.010099705 182.189900295 414809764.807 0.48377903494 7.51018392445 2.16841766747 1.91080926545
148673810 680.520088447 86.9865351991 -147.943464801 749927627.099 0.551384630821 6.27695919101 1.51859545165 0.830291162858
157129793 605.500111044 246.016435476 62.7164354756 1000000000.0 0.485605551993 8.72927366482 13.1323765127 8.50102834555
158062679 0 76.2343681664 -79.2756318336 232961121.682 0.601881329858 7.73861861024 30.9282142092 0.622525832435
160673071 693.165981525 -50.6527953093 18.3272046907 265730740.98 0.667113983624 7.66961951427 10.2282488961 0.260734073988
167252541 680.238751766 168.176527106 95.2565271058 1552002426.8 0.643487890114 7.96681451091 2.28760081956 1.76005291688
168608146 0 193.873983387 -123.846016613 1280555818.2 0.460647379081 7.69801944222 1.43941147712 1.58591786239
173797298 517.606662055 -58.6406822319 152.629317768 40700241.8765 0.575592157774 7.40911685549 1266.71345036 0.584945862982
181699538 789.361866814 -58.5571891618 141.292810838 939936332.058 0.350874618999 7.77689359481 2.65499828123 1.75180385132
183321178 638.4448185 -95.5074893061 -151.927489306 554731315.305 0.587084367852 6.87143477664 1.93474102393 1.72082607929
193057293 597.628128555 157.076306755 -144.473693245 396401102.006 0.459345947041 7.95579020046 2.63274315154 1.98992861582
198490827 0 85.8210531024 -70.5789468976 115111771.983 0.866320346576 8.28615442238 11.2937456056 0.878074500035
207028458 783.24705104 -198.456048822 13.5639511779 346015958.684 0.921936524484 6.68961457579 1.99097561966 1.25584580544
207593143 788.228367923 17.5822373945 9.95223739445 390078470.267 0.264034769077 7.43337774685 3.52610472175 1.00260749729
211084564 821.06698199 -149.797808402 68.4021915982 260966181.502 0.910377250068 8.63103771954 3.68891969377 2.06298492858
212089170 665.20173886 205.272621955 -181.037378045 972839503.535 0.915930301141 8.11151437397 1.41138690923 1.14160695988
45616753 0 7.93916965153 178.009169652 1751710750.2 0.47152412536 10.0949862529 0.751748906637 1.11255408846
48361669 673.636763234 -143.09682952 95.2831704795 713537600.0 0.65389893378 8.58604768054 3.44882795027 1.72224660402
72094854 739.319975519 -258.832800851 35.8571991491 797770366.506 0.530345517299 8.42825036519 3.09593750189 1.55041010011
81147431 684.952915702 193.652505278 -22.8774947216 740264353.309 0.955389605261 10.868331962 2.56360174571 1.9733081348
81409140 654.206079614 115.890979745 -125.529020255 700186047.63 0.456142993948 10.1777658793 1.63063504128 1.41065786858
82321543 714.431104896 82.9421587866 76.0921587866 372948592.946 0.693301327155 8.65490217437 2.52294761108 1.56867138531
86122409 684.158609793 21.6321491958 37.7921491958 536042308.087 0.0913038706627 8.39953273351 1.65565752287 1.63504787159
86129434 616.462283094 89.3955106293 -90.1344893707 426063154.07 0.53786433433 8.51188251281 1.47667249634 1.65880677927
92380604 669.640423807 197.850380677 166.520380677 2041478542.06 0.81563288036 8.89061976228 0.550642529585 1.85692355772
94175691 633.798030454 50.9945726617 -36.0954273383 286099209.666 0.418645052563 6.93194343926 4.85853160761 0.166353320966
95228015 686.362390531 23.8798215071 177.729821507 1558631470.02 0.694222302336 9.76961889003 0.820052658146 0.579152247199
