127944584
216660305
191524276
150115145
197420330
183392473
127818680
95228015
127417834
110395704
212522097
200915269
104872119
88963892
154460397
153763491
192006137
123295336
157888051
193214722
81147431
59489572
48480819
181115064
211084564
95217701
198651253
132649890
102912996
192409194
156278417
178721816
201072907
196164498
156709252
127116620
198490827
128651211
110169343
121469103
87202232
196796518
133682287
96381467
93308475
199117487
86122409
69799253
183983113
87931183
122900449
151433806
113916058
178564029
164228080
173797298
94175691
98436446
91754803
99383753
181512972
158978461
158050599
177295087
84396340
93949277
128712835
80973186
191660905
127670411
202366728
192827003
118152814
86124212
94294418
113012173
121036994
87181246
161112298
186394895
203459514
88979934
185810673
198564642
131043138
154388786
188894224
158064938
191558895
127108374
184128420
81409140
175494398
193286518
148933412
121086557
133183721
181863477
82312457
127158244
162142796
168608146
148940276
208323402
87301753
154653327
143684919
203043496
85197790
156706320
135108067
161607981
150695529
152763723
162063213
196325549
120807891
207606132
151898182
95021378
86049608
198445118
128403923
161229139
183321178
127862229
174634099
131373704
190923613
196746496
202008967
186365825
192665522
175485680
127176859
190669040
174992413
161326774
195878457
202265278
133807261
113663543
135111311
120628652
160498387
205634899
94261389
96337258
82321543
167287137
132729033
110336657
70361371
216816371
186498981
85963117
98740608
98790022
191534566
133402271
90544131
101122335
127808515
178377733
198575473
188215122
126655769
196178017
188548694
177546663
87892283
101140976
121029645
86129434
186342599
95591951
149538803
216818419
167252541
80516678
80763503
196809685
180418078
212398914
90634643
199053317
188735056
89691425
197098745
94347790
131168450
112823955
95166806
90878615
183375508
190918126
198421440
205462376
158998450
149565281
205524029
86132542
107600131
161466556
183599257
93942906
148380084
212089170
211274458
94305032
187744257
95065594
95818679
149455975
191011587
122146757
120768260
183844980
81135035
148673810
105147553
127131034
122363977
201138282
175038176
133264362
112757502
111394500
178419846
90630801
84432712
207028458
80365751
158062679
73999547
127679389
201143394
176396082
152517591
89613045
165811310
99372529
177113844
183980193
127163030
104432286
188181226
183985109
203450802
151062243
180247116
70848963
126296983
206932524
196790866
92426291
162192921
164043937
126181559
118957292
181699538
188320127
80165374
191230895
181699926
181793052
193057293
188216458
212636270
200724160
181702003
94237579
80571318
196782042
100201518
120812426
197585707
134522987
157890023
86032447
191905727
193048927
160673071
123274853
152760079
105446090
207586794
87257076
87203070
207593143
212611588
207695906
206081562
206408479
92380604
94626490
66061507
178069686
167409274
168482627
89652581
166570874
64783189
178027768
80509409
80495081
73283548
73360776
80488173
72409848
74486916
73889001
83645409
82495337
84343882
83467151
83826949
83803904
82432517
83912934
118971024
105890593
95193025
110147934
105465463
118875690
105245903
105463040
118956923
126350302
126484310
124065440
126356524
126485694
125928679
126364120
123314680
124237346
131503503
126346457
130702848
123291367
154386887
157129793
154365352
162181149
154385690
156964925
160388966
153878589
160198915
154054440
154029264
157571174
63038125
171909173
73856091
45616753
46822700
48361669
48391649
48505509
59203421
59449325
133125660
177109395
60016870
60398398
56936199
60401018
51650991
111995853
60409606
131336475
123439073
83475300
177302047
61271909
80289586
127801299
129021285
130734127
176357766
141173952
85083852
135102536
128399658
172055925
164741090
80357305
174841777
174699876
172056545
125920861
168835711
110160982
87368099
98812643
173389761
52168749
83827322
162787175
174895044
149009957
99178348
160484664
80960637
127437284
163010666
109687805
65466314
91178819
148663780
84899116
74019513
95149835
69134559
148321359
109565828
130704017
108580654
165813495
70980598
161607531
61286583
69051602
66187840
66198983
66123195
66133151
65849880
65663271
66011236
66139423
65827380
65214973
65431099
64780823
64021966
60403235
64951422
64960703
65490891
67403390
67362765
61280496
63050792
63246671
61211451
62839779
62804598
62795077
70904490
70360902
70952191
70892510
68960442
69134130
69752374
70988116
72094854
