104872119 820.443 23.565 17.0062 0.1239
181793052 671.893 19.455 17.0130 0.1239
123439073 625.282 58.238 17.0158 0.1239
91754803 582.031 25.693 17.0184 0.1239
126350302 623.266 14.623 17.0213 0.1239
46822700 659.155 27.326 17.0219 0.1239
66133151 600.349 27.715 17.0249 0.1239
65490891 643.000 25.253 17.0287 0.1239
212636270 636.727 21.174 17.0317 0.1239
127808515 571.577 52.757 17.0386 0.1239
211274458 612.528 23.520 17.0418 0.1239
158064938 573.933 18.743 17.0452 0.1239
83827322 674.672 27.168 17.0534 0.1239
188216458 604.845 17.719 17.0556 0.1239
59203421 730.354 18.030 17.0649 0.1239
181512972 753.192 20.573 17.0652 0.1239
157571174 699.765 11.414 17.0665 0.1239
154365352 623.393 21.637 17.0669 0.1239
178069686 748.351 18.345 17.0670 0.1239
153878589 747.920 35.437 17.0718 0.1239
113012173 658.743 25.118 17.0837 0.1239
154653327 717.765 15.480 17.0843 0.1239
154460397 560.168 12.680 17.0858 0.1239
193214722 604.441 21.791 17.0875 0.1239
181702003 618.590 15.959 17.0928 0.1239
60016870 614.391 16.305 17.0958 0.1239
191524276 694.735 11.794 17.1004 0.1239
181863477 669.442 8.597 17.1009 0.1239
112823955 588.798 21.368 17.1077 0.1239
121036994 633.794 26.250 17.1135 0.1239
61286583 674.006 49.428 17.1203 0.1239
126655769 583.338 13.523 17.1241 0.1239
199053317 588.346 48.624 17.1274 0.1239
69752374 597.123 14.397 17.1282 0.1239
130734127 882.069 29.807 17.1282 0.1239
105890593 643.752 32.488 17.1336 0.1239
199117487 591.453 16.735 17.1337 0.1239
190923613 567.546 17.222 17.1343 0.1239
160498387 638.390 10.019 17.1353 0.1239
188548694 638.196 14.517 17.1379 0.1239
157890023 543.102 25.905 17.1426 0.1239
64951422 605.082 35.022 17.1428 0.1239
101122335 597.988 15.843 17.1437 0.1239
148380084 611.854 15.924 17.1455 0.1239
131168450 610.700 12.594 17.1473 0.1239
207695906 707.409 24.907 17.1477 0.1239
162181149 624.006 17.793 17.1483 0.1239
70952191 846.613 14.396 17.1506 0.1239
131503503 636.405 12.595 17.1507 0.1239
202265278 657.811 17.337 17.1526 0.1239
186365825 654.873 15.679 17.1568 0.1239
198421440 747.010 30.740 17.1610 0.1239
133125660 727.139 11.692 17.1610 0.1239
151062243 648.586 17.053 17.1636 0.1239
127176859 604.426 11.360 17.1739 0.1239
98436446 611.735 18.413 17.1751 0.1239
82432517 655.396 40.819 17.1788 0.1239
121469103 684.674 18.441 17.1828 0.1239
127131034 588.507 14.470 17.1855 0.1239
89691425 581.443 20.522 17.1857 0.1239
196796518 615.363 19.706 17.1878 0.1239
203043496 716.820 16.094 17.1883 0.1239
126356524 585.256 15.142 17.1891 0.1239
65431099 592.465 12.253 17.1900 0.1239
60403235 716.094 68.758 17.1911 0.1239
148663780 621.410 21.545 17.1920 0.1239
95065594 637.410 29.158 17.1930 0.1239
196790866 656.250 25.604 17.1976 0.1239
61280496 667.588 42.169 17.1984 0.1239
161326774 577.804 18.559 17.2070 0.1239
64960703 679.346 25.181 17.2087 0.1239
113663543 717.202 23.801 17.2087 0.1239
174699876 660.997 20.286 17.2128 0.1239
154054440 681.279 17.138 17.2144 0.1239
123274853 718.361 15.727 17.2148 0.1239
212522097 686.125 14.293 17.2198 0.1239
122146757 630.581 15.236 17.2209 0.1239
110169343 615.458 22.165 17.2211 0.1239
198651253 555.137 28.529 17.2231 0.1239
176396082 640.909 10.112 17.2239 0.1239
94347790 595.376 40.235 17.2239 0.1239
59449325 678.093 27.638 17.2246 0.1239
192827003 647.141 17.124 17.2248 0.1239
126364120 602.471 17.812 17.2252 0.1239
128651211 586.543 12.076 17.2266 0.1239
167287137 724.157 8.897 17.2267 0.1239
118957292 661.018 10.658 17.2295 0.1239
135102536 695.791 15.560 17.2320 0.1239
112757502 665.191 13.006 17.2333 0.1239
188735056 595.345 26.580 17.2344 0.1239
177109395 680.560 26.599 17.2344 0.1239
196809685 761.383 12.696 17.2369 0.1239
156278417 784.572 13.988 17.2449 0.1239
183983113 636.124 22.318 17.2501 0.1239
120807891 641.252 10.800 17.2545 0.1239
161112298 803.833 29.744 17.2560 0.1239
132729033 670.164 36.212 17.2617 0.1239
110395704 646.547 13.828 17.2627 0.1239
69799253 571.420 51.022 17.2635 0.1239
152517591 609.565 20.514 17.2640 0.1239
72409848 579.711 33.412 17.2698 0.1239
161607981 900.061 50.619 17.2715 0.1239
162063213 647.083 16.923 17.2772 0.1239
94305032 600.657 27.214 17.2790 0.1239
175038176 645.006 10.752 17.2806 0.1239
178377733 637.742 17.542 17.2860 0.1239
191230895 641.935 16.378 17.2861 0.1239
165813495 632.265 26.492 17.2866 0.1239
154386887 599.234 9.314 17.2868 0.1239
80516678 586.470 22.113 17.2914 0.1239
149565281 621.443 12.594 17.2918 0.1239
150695529 679.395 31.179 17.2930 0.1239
127417834 571.277 14.371 17.2937 0.1239
95166806 636.961 24.682 17.2959 0.1239
188181226 865.933 18.500 17.2963 0.1239
191011587 684.700 13.921 17.2992 0.1239
105446090 601.157 10.227 17.3031 0.1239
156964925 595.004 10.666 17.3039 0.1239
156706320 665.865 18.370 17.3048 0.1239
193286518 673.795 25.841 17.3127 0.1239
206081562 640.586 25.305 17.3164 0.1239
99383753 623.435 21.223 17.3174 0.1239
174841777 637.231 13.805 17.3184 0.1239
174634099 679.958 16.093 17.3197 0.1239
95193025 617.859 18.291 17.3217 0.1239
177295087 622.097 22.697 17.3225 0.1239
190918126 717.187 19.252 17.3313 0.1239
83467151 630.339 29.953 17.3319 0.1239
216660305 608.544 16.291 17.3320 0.1239
198445118 693.957 28.812 17.3365 0.1239
74486916 604.268 28.377 17.3380 0.1239
186394895 694.451 23.824 17.3404 0.1239
180418078 689.743 23.235 17.3431 0.1239
175485680 617.615 7.856 17.3455 0.1239
171909173 608.225 19.629 17.3556 0.1239
87931183 710.379 12.152 17.3568 0.1239
87892283 586.669 21.109 17.3593 0.1239
191905727 766.995 31.967 17.3594 0.1239
128403923 671.749 13.829 17.3603 0.1239
192665522 570.982 9.742 17.3619 0.1239
183392473 708.953 13.076 17.3627 0.1239
152763723 644.753 17.994 17.3627 0.1239
70360902 765.389 12.612 17.3646 0.1239
174895044 646.443 23.399 17.3709 0.1239
186498981 582.154 14.886 17.3720 0.1239
198575473 559.255 20.795 17.3724 0.1239
186342599 766.225 11.160 17.3750 0.1239
48505509 630.917 29.555 17.3753 0.1239
187744257 755.659 21.151 17.3773 0.1239
105147553 649.068 10.425 17.3826 0.1239
126296983 774.440 28.404 17.3837 0.1239
150115145 627.898 17.844 17.3937 0.1239
183980193 671.913 26.587 17.3940 0.1239
88963892 757.555 45.582 17.3970 0.1239
110147934 681.119 14.648 17.3971 0.1239
87202232 861.130 37.098 17.3994 0.1239
212398914 663.878 19.514 17.4012 0.1239
105245903 683.611 25.118 17.4013 0.1239
96337258 622.317 11.138 17.4020 0.1239
86049608 616.013 29.373 17.4022 0.1239
149009957 622.208 24.591 17.4033 0.1239
62804598 757.473 21.266 17.4033 0.1239
160388966 618.086 12.896 17.4047 0.1239
212611588 616.596 15.099 17.4052 0.1239
192409194 678.155 13.281 17.4081 0.1239
104432286 632.289 12.267 17.4096 0.1239
67362765 641.799 34.356 17.4155 0.1239
126485694 609.213 13.068 17.4167 0.1239
201072907 676.796 30.244 17.4184 0.1239
120768260 678.312 21.493 17.4189 0.1239
201143394 666.529 9.735 17.4290 0.1239
185810673 700.824 15.871 17.4302 0.1239
148940276 745.896 33.133 17.4321 0.1239
149538803 673.255 11.911 17.4411 0.1239
60398398 612.823 27.027 17.4419 0.1239
181699926 730.623 12.262 17.4424 0.1239
62839779 679.951 7.580 17.4479 0.1239
127862229 651.630 9.175 17.4500 0.1239
168482627 615.910 19.029 17.4523 0.1239
123291367 635.905 15.626 17.4558 0.1239
166570874 687.754 23.112 17.4579 0.1239
165811310 691.371 24.916 17.4632 0.1239
80763503 741.116 29.414 17.4668 0.1239
127944584 638.304 20.110 17.4729 0.1239
164228080 666.237 15.233 17.4779 0.1239
80495081 719.869 18.865 17.4818 0.1239
120812426 640.112 36.312 17.4839 0.1239
181115064 741.216 16.111 17.4845 0.1239
121086557 663.549 11.063 17.4889 0.1239
191534566 658.636 9.884 17.4897 0.1239
127670411 641.643 16.004 17.4921 0.1239
200724160 634.028 13.118 17.4941 0.1239
151898182 698.695 14.572 17.4943 0.1239
134522987 664.362 23.511 17.4957 0.1239
154385690 694.676 31.978 17.4962 0.1239
94294418 699.975 22.392 17.4965 0.1239
168835711 762.636 10.887 17.4970 0.1239
83645409 629.322 31.539 17.4989 0.1239
133807261 745.661 15.386 17.5010 0.1239
74019513 704.233 26.292 17.5026 0.1239
191558895 617.730 11.862 17.5047 0.1239
90630801 684.307 23.697 17.5123 0.1239
202366728 628.744 20.921 17.5128 0.1239
64021966 738.895 18.797 17.5192 0.1239
113916058 825.196 16.544 17.5220 0.1239
111394500 749.956 14.274 17.5265 0.1239
191660905 599.397 14.149 17.5322 0.1239
127679389 692.108 18.982 17.5345 0.1239
122900449 696.637 19.076 17.5358 0.1239
127116620 682.032 13.416 17.5384 0.1239
65214973 680.189 22.154 17.5412 0.1239
161607531 626.153 16.570 17.5673 0.1239
126346457 731.427 17.283 17.5763 0.1239
82312457 668.161 26.319 17.5832 0.1239
81135035 656.061 17.709 17.5995 0.1239
65827380 641.279 25.456 17.6104 0.1239
160198915 611.496 6.933 17.6286 0.1239
59489572 644.653 22.292 17.6351 0.1239
188894224 666.397 13.027 17.6360 0.1239
86132542 750.644 15.229 17.6384 0.1239
164741090 610.473 8.122 17.6392 0.1239
88979934 630.800 25.562 17.6452 0.1239
203450802 630.656 20.256 17.6460 0.1239
196164498 619.346 11.342 17.6514 0.1239
205634899 612.496 7.462 17.6536 0.1239
197098745 688.915 16.137 17.6546 0.1239
99372529 640.238 13.445 17.6571 0.1239
127818680 728.616 17.595 17.6583 0.1239
118971024 671.130 20.950 17.6638 0.1239
63246671 661.338 10.880 17.6787 0.1239
132649890 650.717 21.314 17.6792 0.1239
207028458 783.247 18.411 17.6886 0.1239
158050599 679.502 15.329 17.6995 0.1239
211084564 821.067 18.325 17.7000 0.1239
196325549 664.242 5.286 17.7014 0.1239
192006137 670.707 12.129 17.7101 0.1239
130702848 633.073 17.882 17.7134 0.1239
86129434 616.462 9.934 17.7141 0.1239
152760079 748.737 13.021 17.7213 0.1239
124237346 676.520 12.924 17.7364 0.1239
101140976 597.758 9.600 17.7402 0.1239
133264362 659.479 7.689 17.7432 0.1239
158978461 634.576 20.500 17.7441 0.1239
196178017 620.566 5.755 17.7490 0.1239
133183721 670.382 12.897 17.7599 0.1239
156709252 666.716 6.847 17.7614 0.1239
177546663 622.775 16.899 17.7701 0.1239
82321543 714.431 13.024 17.7726 0.1239
127163030 614.323 6.958 17.7859 0.1239
172055925 645.604 13.381 17.7904 0.1239
94175691 633.798 12.418 17.7998 0.1239
193057293 597.628 11.060 17.8083 0.1239
177302047 907.518 26.916 17.8102 0.1239
86122409 684.159 9.129 17.8387 0.1239
135111311 637.499 7.413 17.8412 0.1239
154029264 674.960 19.089 17.8559 0.1239
197420330 809.951 11.544 17.8613 0.1239
207593143 788.228 4.434 17.8648 0.1239
70988116 671.225 12.572 17.8722 0.1239
183321178 638.445 7.764 17.8874 0.1239
148933412 715.040 17.646 17.8888 0.1239
126484310 622.487 15.950 17.9191 0.1239
135108067 621.400 13.165 17.9282 0.1239
160673071 693.166 14.433 17.9293 0.1239
149455975 661.911 17.238 17.9389 0.1239
81409140 654.206 10.622 17.9514 0.1239
141173952 680.853 35.606 17.9595 0.1239
196782042 756.227 11.127 17.9595 0.1239
105465463 745.599 11.103 17.9620 0.1239
148673810 680.520 12.830 17.9657 0.1239
121029645 654.411 8.699 17.9908 0.1239
84343882 773.741 21.335 17.9937 0.1239
